-20.640812213400014, -103.7233109589722
18.329289383354244, -103.6155742614548
58.298624354384245, -103.50507508451385
295.116934057737, -102.85036746113876
334.0870356544913, -102.74263076362135
18.358879692706637, -65.25568866446167
58.328214663736645, -65.14518948752072
97.2983162604909, -65.0374527900033
137.26765123152092, -64.92695361306235
176.23775282827515, -64.81921691554494
216.20708779930516, -64.70871773860401
255.17718939605942, -64.60098104108658
295.1465243670894, -64.49048186414564
334.11662596384366, -64.38274516662821
374.0859609348737, -64.27224598968728
413.0560625316279, -64.16450929216985
453.02539750265794, -64.05401011522892
491.9954990994121, -63.946273417711495
531.9648340704422, -63.83577424077055
570.9349356671964, -63.72803754325313
610.9042706382264, -63.61753836631219
18.389228727939866, -25.91221625728923
413.0864115668611, -24.82103688499741
453.05574653789114, -24.710537708056478
-20.551282559461992, 12.339932642186483
-20.520933524228766, 51.683405049358925
137.35793961133976, 52.11987679827564
176.328041208094, 52.227613495793065
216.297376179124, 52.33811267273401
453.1156858824768, 52.9928202961091
492.08578747923104, 53.1005569936265
532.0551224502611, 53.211056170567446
650.9638939890754, 53.539791221966766
-20.49134321487637, 90.04329064635203
18.47875838187789, 90.15102734386946
58.44809335290789, 90.2615265208104
97.41819494966217, 90.36926321832783
137.38752992069217, 90.47976239526878
176.3576315174464, 90.58749909278617
216.3269664884764, 90.69799826972712
255.29706808523065, 90.80573496724455
295.26640305626063, 90.9162341441855
334.2365046530149, 91.02397084170292
374.2058396240449, 91.13447001864384
413.17594122079913, 91.24220671616126
453.14527619182917, 91.35270589310221
492.1153777885834, 91.46044259061964
532.0847127596135, 91.57094176756058
571.0548143563677, 91.67867846507801
611.0241493273977, 91.78917764201893
650.9934842984277, 91.89967681895988
-20.46099417964314, 129.38676305352448
18.509107417111117, 129.4944997510419
58.47844238814112, 129.60499892798285
97.44854398489537, 129.71273562550027
137.41787895592537, 129.8232348024412
176.3879805526796, 129.93097149995862
216.35731552370964, 130.04147067689956
255.3274171204639, 130.149207374417
295.2967520914939, 130.25970655135794
334.26685368824815, 130.36744324887536
374.2361886592782, 130.47794242581628
413.2062902560324, 130.5856791233337
453.1756252270624, 130.69617830027465
492.14572682381663, 130.80391499779208
532.1150617948467, 130.91441417473303
571.085163391601, 131.02215087225042
611.054498362631, 131.13265004919137
-20.431403870290744, 167.74664865051759
18.53869772646351, 167.85438534803504
58.50803269749352, 167.964884524976
97.47813429424778, 168.07262122249338
137.4474692652778, 168.18312039943433
176.41757086203202, 168.29085709695173
216.38690583306203, 168.40135627389267
255.3570074298163, 168.50909297141013
295.3263424008463, 168.61959214835107
334.29644399760053, 168.72732884586847
374.26577896863057, 168.83782802280942
413.2358805653848, 168.94556472032681
453.2052155364148, 169.05606389726776
492.17531713316896, 169.16380059478522
532.144652104199, 169.27429977172616
571.1147537009533, 169.38203646924356
611.0840886719833, 169.4925356461845
-20.401054835057515, 207.09012105769003
18.56904676169674, 207.19785775520748
58.53838173272675, 207.30835693214843
97.50848332948101, 207.41609362966582
137.47781830051102, 207.52659280660677
176.44791989726525, 207.63432950412417
216.41725486829523, 207.74482868106512
255.3873564650495, 207.85256537858257
295.3566914360795, 207.96306455552352
334.32679303283373, 208.0708012530409
374.29612800386377, 208.18130042998186
413.266229600618, 208.28903712749926
453.235564571648, 208.3995363044402
492.2056661684022, 208.50727300195766
532.1750011394323, 208.6177721788986
571.1451027361866, 208.725508876416
611.1144377072166, 208.83600805335695
-20.371464525705118, 245.45000665468316
18.59863707104914, 245.55774335220062
58.567972042079134, 245.6682425291415
97.5380736388334, 245.77597922665896
137.5074086098634, 245.8864784035999
176.47751020661764, 245.9942151011173
216.44684517764767, 246.10471427805825
255.41694677440194, 246.21245097557565
295.3862817454319, 246.3229501525166
334.3563833421862, 246.43068685003405
374.3257183132162, 246.541186026975
413.2958199099704, 246.6489227244924
453.26515488100046, 246.75942190143334
492.23525647775466, 246.86715859895074
532.2045914487848, 246.97765777589169
571.174693045539, 247.08539447340914
611.144028016569, 247.1958936503501
651.113362987599, 247.30639282729103
-20.341115490471893, 284.7934790618556
18.62898610628237, 284.90121575937303
58.59832107731236, 285.011714936314
97.56842267406662, 285.11945163383143
137.53775764509663, 285.2299508107724
176.50785924185087, 285.3376875082897
216.47719421288087, 285.44818668523067
255.44729580963514, 285.5559233827481
295.4166307806651, 285.66642255968907
334.3867323774194, 285.7741592572065
374.3560673484494, 285.88465843414747
413.3261689452036, 285.9923951316648
453.29550391623366, 286.10289430860576
492.2656055129879, 286.2106310061232
532.234940484018, 286.32113018306416
571.2050420807723, 286.4288668805816
611.1743770518023, 286.53936605752256
651.1437120228322, 286.6498652344634
-20.311525181119496, 323.1533646588488
18.658576415634762, 323.2611013563661
58.62791138666476, 323.37160053330706
97.59801298341904, 323.4793372308245
137.56734795444905, 323.58983640776546
176.53744955120328, 323.6975731052829
216.50678452223326, 323.80807228222386
255.47688611898752, 323.9158089797412
295.4462210900175, 324.02630815668215
334.41632268677176, 324.1340448541996
374.3856576578018, 324.24454403114055
413.355759254556, 324.352280728658
453.32509422558604, 324.46277990559895
492.29519582234025, 324.5705166031163
532.2645307933703, 324.68101578005724
571.2346323901246, 324.7887524775747
611.2039673611546, 324.89925165451564
651.1733023321846, 325.0097508314566
-20.281176145886267, 362.49683706602116
18.68892545086799, 362.6045737635386
58.65826042189799, 362.71507294047956
97.62836201865224, 362.8228096379969
137.59769698968225, 362.93330881493785
176.56779858643648, 363.0410455124553
216.53713355746652, 363.15154468939625
255.50723515422078, 363.2592813869137
295.47657012525076, 363.36978056385465
334.446671722005, 363.477517261372
374.41600669303506, 363.58801643831293
413.38610828978926, 363.6957531358304
453.3554432608193, 363.80625231277133
492.3255448575735, 363.9139890102888
532.2948798286036, 364.02448818722974
571.2649814253579, 364.1322248847471
611.2343163963878, 364.242724061688
651.2036513674178, 364.35322323862897
-20.25158583653387, 400.85672266301435
18.718515760220384, 400.9644593605317
58.68785073125039, 401.07495853747264
97.65795232800465, 401.1826952349901
137.62728729903466, 401.29319441193104
176.5973888957889, 401.4009311094485
216.5667238668189, 401.51143028638944
255.53682546357317, 401.6191669839068
295.50616043460315, 401.7296661608477
334.4762620313574, 401.8374028583652
374.44559700238744, 401.94790203530613
413.41569859914165, 402.0556387328236
453.3850335701717, 402.16613790976453
492.35513516692583, 402.27387460728187
532.3244701379559, 402.3843737842228
571.2945717347102, 402.49211048174027
611.2639067057402, 402.6026096586812
651.2332416767701, 402.71310883562217
-20.22123680130064, 440.20019507018674
18.748864795453613, 440.3079317677042
58.71819976648362, 440.41843094464514
97.68830136323788, 440.5261676421626
137.6576363342679, 440.63666681910354
176.62773793102212, 440.7444035166209
216.5970729020521, 440.8549026935618
255.56717449880637, 440.9626393910793
295.53650946983635, 441.0731385680202
334.5066110665906, 441.1808752655377
374.47594603762064, 441.2913744424786
413.44604763437485, 441.39911113999597
453.4153826054049, 441.5096103169369
492.3854842021591, 441.61734701445437
532.3548191731892, 441.7278461913953
571.3249207699434, 441.83558288891277
611.2942557409734, 441.9460820658537
651.2635907120034, 442.05658124279455
-20.191646491948244, 478.56008066717993
18.778455104806014, 478.66781736469727
58.74779007583601, 478.7783165416382
97.71789167259027, 478.8860532391557
137.68722664362028, 478.9965524160966
176.6573282403745, 479.1042891136141
216.62666321140455, 479.214788290555
255.5967648081588, 479.32252498807236
295.5660997791888, 479.4330241650133
334.53620137594305, 479.54076086253076
374.5055363469731, 479.6512600394717
413.4756379437273, 479.75899673698916
453.44497291475733, 479.8694959139301
492.41507451151153, 479.97723261144745
532.3844094825416, 480.0877317883884
571.3545110792959, 480.19546848590585
611.3238460503259, 480.3059676628468
651.2931810213558, 480.41646683978774
-20.16129745671502, 517.9035530743523
18.808804140039243, 518.0112897718698
58.77813911106924, 518.1217889488107
97.7482407078235, 518.229525646328
137.7175756788535, 518.340024823269
176.68767727560774, 518.4477615207865
216.65701224663775, 518.5582606977274
255.627113843392, 518.6659973952449
295.596448814422, 518.7764965721858
334.56655041117625, 518.8842332697031
374.5358853822063, 518.9947324466441
413.5059869789605, 519.1024691441615
453.47532194999053, 519.2129683211025
492.4454235467448, 519.32070501862
532.4147585177749, 519.4312041955609
571.3848601145291, 519.5389408930782
611.3541950855591, 519.6494400700192
651.3235300565891, 519.7599392469601
18.839153175272465, 557.3547621790422
58.808488146302466, 557.4652613559831
97.77858974305673, 557.5729980535006
137.74792471408674, 557.6834972304415
176.71802631084097, 557.791233927959
216.687361281871, 557.9017331048999
255.65746287862527, 558.0094698024172
295.62679784965525, 558.1199689793582
334.5968994464095, 558.2277056768756
374.56623441743955, 558.3382048538166
413.53633601419375, 558.445941551334
453.5056709852238, 558.556440728275
492.47577258197794, 558.6641774257923
532.445107553008, 558.7746766027333
571.4152091497623, 558.8824133002507
611.3845441207923, 558.9929124771917
